예솔초버스정류장 
x:127.118991  y:37.195967
stationId:233002421
busid:223000032(701),223000032(701),223000058(73),233000130(73-1)






병점역 사거리 
stationId:233000702
x:127.0352484 y:37.2072079
stationId:233000702
busid:233000011(34),233000012(34-1)

