예솔초버스정류장 
x:127.118991  y:37.195967
stationId:233002421
busid:223000032(701),223000032(701),223000058(73),233000130(73-1)






병점역 사거리 
stationId:233000702
x:127.0352484 y:37.2072079
stationId:233000702
busid:233000011(34),233000012(34-1)

동탄 2신도시 홍보관(701)
y:37.194497   x:127.0823153
stationId:233002382

동탄 센트럴 파크(73,73-1)
y:37.208033     x:127.0617713
stationId:233001675

예당고사거리(73,73-1)
y:37.2095245    x:127.0790355
stationId:233002439